  0.00  -0.00   0.00
  0.01  -0.01  -0.00
  0.01  -0.01  -0.01
  0.01  -0.01  -0.01
  0.02  -0.02  -0.02
  0.02  -0.02  -0.02
  0.03  -0.03  -0.02
  0.03  -0.03  -0.03
  0.03  -0.03  -0.03
  0.04  -0.04  -0.04
  0.04  -0.04  -0.04
  0.04  -0.04  -0.04
  0.05  -0.05  -0.05
  0.05  -0.05  -0.05
  0.06  -0.06  -0.05
  0.06  -0.06  -0.06
  0.06  -0.06  -0.06
  0.07  -0.07  -0.07
  0.07  -0.07  -0.07
  0.08  -0.08  -0.07
  0.08  -0.08  -0.08
  0.08  -0.08  -0.08
  0.09  -0.09  -0.09
  0.09  -0.09  -0.09
  0.10  -0.10  -0.09
  0.10  -0.10  -0.10
  0.10  -0.10  -0.10
  0.11  -0.11  -0.11
  0.11  -0.11  -0.11
  0.12  -0.12  -0.11
  0.12  -0.12  -0.12
  0.12  -0.12  -0.12
  0.13  -0.13  -0.13
  0.13  -0.13  -0.13
  0.13  -0.14  -0.13
  0.14  -0.14  -0.14
  0.14  -0.14  -0.14
  0.15  -0.15  -0.15
  0.15  -0.15  -0.15
  0.15  -0.16  -0.15
  0.16  -0.16  -0.16
  0.16  -0.16  -0.16
  0.17  -0.17  -0.17
  0.17  -0.17  -0.17
  0.17  -0.18  -0.18
  0.18  -0.18  -0.18
  0.18  -0.19  -0.18
  0.19  -0.19  -0.19
  0.19  -0.19  -0.19
  0.19  -0.20  -0.20
  0.20  -0.20  -0.20
  0.20  -0.21  -0.20
  0.21  -0.21  -0.21
  0.21  -0.22  -0.21
  0.21  -0.22  -0.22
  0.22  -0.22  -0.22
  0.22  -0.23  -0.23
  0.22  -0.23  -0.23
  0.23  -0.24  -0.23
  0.23  -0.24  -0.24
  0.24  -0.25  -0.24
  0.24  -0.25  -0.25
  0.24  -0.25  -0.25
  0.25  -0.26  -0.26
  0.25  -0.26  -0.26
  0.26  -0.27  -0.27
  0.26  -0.27  -0.27
  0.26  -0.28  -0.27
  0.27  -0.28  -0.28
  0.27  -0.29  -0.28
  0.28  -0.29  -0.29
  0.28  -0.29  -0.29
  0.28  -0.30  -0.30
  0.29  -0.30  -0.30
  0.29  -0.31  -0.31
  0.29  -0.31  -0.31
  0.30  -0.32  -0.32
  0.30  -0.32  -0.32
  0.31  -0.33  -0.32
  0.31  -0.33  -0.33
  0.31  -0.34  -0.33
  0.32  -0.34  -0.34
  0.32  -0.35  -0.34
  0.33  -0.35  -0.35
  0.33  -0.36  -0.35
  0.33  -0.36  -0.36
  0.34  -0.37  -0.36
  0.34  -0.37  -0.37
  0.35  -0.38  -0.37
  0.35  -0.38  -0.38
  0.35  -0.38  -0.38
  0.36  -0.39  -0.39
  0.36  -0.39  -0.39
  0.37  -0.40  -0.40
  0.37  -0.41  -0.40
  0.37  -0.41  -0.41
  0.38  -0.42  -0.41
  0.38  -0.42  -0.42
  0.38  -0.43  -0.42
  0.39  -0.43  -0.43
  0.39  -0.44  -0.43
  0.40  -0.44  -0.44
  0.40  -0.45  -0.44
  0.40  -0.45  -0.45
  0.41  -0.46  -0.45
  0.41  -0.46  -0.46
  0.42  -0.47  -0.47
  0.42  -0.47  -0.47
  0.42  -0.48  -0.48
  0.43  -0.49  -0.48
  0.43  -0.49  -0.49
  0.44  -0.50  -0.49
  0.44  -0.50  -0.50
  0.44  -0.51  -0.50
  0.45  -0.51  -0.51
  0.45  -0.52  -0.52
  0.46  -0.53  -0.52
  0.46  -0.53  -0.53
  0.46  -0.54  -0.53
  0.47  -0.54  -0.54
  0.47  -0.55  -0.55
  0.47  -0.55  -0.55
  0.48  -0.56  -0.56
  0.48  -0.57  -0.56
  0.49  -0.57  -0.57
  0.49  -0.58  -0.58
  0.49  -0.59  -0.58
  0.50  -0.59  -0.59
  0.50  -0.60  -0.60
  0.51  -0.60  -0.60
  0.51  -0.61  -0.61
  0.51  -0.62  -0.61
  0.52  -0.62  -0.62
  0.52  -0.63  -0.63
  0.53  -0.64  -0.63
  0.53  -0.64  -0.64
  0.53  -0.65  -0.65
  0.54  -0.66  -0.65
  0.54  -0.66  -0.66
  0.54  -0.67  -0.67
  0.55  -0.68  -0.68
  0.55  -0.69  -0.68
  0.56  -0.69  -0.69
  0.56  -0.70  -0.70
  0.56  -0.71  -0.70
  0.57  -0.71  -0.71
  0.57  -0.72  -0.72
  0.58  -0.73  -0.73
  0.58  -0.74  -0.73
  0.58  -0.74  -0.74
  0.59  -0.75  -0.75
  0.59  -0.76  -0.76
  0.60  -0.77  -0.76
  0.60  -0.78  -0.77
  0.60  -0.78  -0.78
  0.61  -0.79  -0.79
  0.61  -0.80  -0.80
  0.62  -0.81  -0.80
  0.62  -0.82  -0.81
  0.62  -0.82  -0.82
  0.63  -0.83  -0.83
  0.63  -0.84  -0.84
  0.63  -0.85  -0.84
  0.64  -0.86  -0.85
  0.64  -0.87  -0.86
  0.65  -0.87  -0.87
  0.65  -0.88  -0.88
  0.65  -0.89  -0.89
  0.66  -0.90  -0.90
  0.66  -0.91  -0.91
  0.67  -0.92  -0.92
  0.67  -0.93  -0.92
  0.67  -0.94  -0.93
  0.68  -0.95  -0.94
  0.68  -0.96  -0.95
  0.69  -0.97  -0.96
  0.69  -0.98  -0.97
  0.69  -0.99  -0.98
  0.70  -1.00  -0.99
  0.70  -1.01  -1.00
  0.71  -1.02  -1.01
  0.71  -1.03  -1.02
  0.71  -1.04  -1.03
  0.72  -1.05  -1.04
  0.72  -1.06  -1.05
  0.72  -1.07  -1.06
  0.73  -1.08  -1.08
  0.73  -1.09  -1.09
  0.74  -1.10  -1.10
  0.74  -1.11  -1.11
  0.74  -1.13  -1.12
  0.75  -1.14  -1.13
  0.75  -1.15  -1.14
  0.76  -1.16  -1.16
  0.76  -1.17  -1.17
  0.76  -1.19  -1.18
  0.77  -1.20  -1.19
  0.77  -1.21  -1.20
  0.78  -1.22  -1.22
  0.78  -1.24  -1.23
  0.78  -1.25  -1.24
  0.79  -1.26  -1.26
  0.79  -1.28  -1.27
  0.79  -1.29  -1.28
  0.80  -1.30  -1.30
  0.80  -1.32  -1.31
  0.81  -1.33  -1.32
  0.81  -1.34  -1.34
  0.81  -1.36  -1.35
  0.82  -1.37  -1.37
  0.82  -1.39  -1.38
  0.83  -1.40  -1.40
  0.83  -1.42  -1.41
  0.83  -1.43  -1.43
  0.84  -1.45  -1.44
  0.84  -1.46  -1.46
  0.85  -1.48  -1.47
  0.85  -1.50  -1.49
  0.85  -1.51  -1.51
  0.86  -1.53  -1.52
  0.86  -1.55  -1.54
  0.87  -1.56  -1.56
  0.87  -1.58  -1.57
  0.87  -1.60  -1.59
  0.88  -1.62  -1.61
  0.88  -1.64  -1.63
  0.88  -1.65  -1.65
  0.89  -1.67  -1.66
  0.89  -1.69  -1.68
  0.90  -1.71  -1.70
  0.90  -1.73  -1.72
  0.90  -1.75  -1.74
  0.91  -1.77  -1.76
  0.91  -1.79  -1.78
  0.92  -1.81  -1.80
  0.92  -1.84  -1.83
  0.92  -1.86  -1.85
  0.93  -1.88  -1.87
  0.93  -1.90  -1.89
  0.94  -1.93  -1.91
  0.94  -1.95  -1.94
  0.94  -1.97  -1.96
  0.95  -2.00  -1.99
  0.95  -2.02  -2.01
  0.96  -2.05  -2.04
  0.96  -2.07  -2.06
  0.96  -2.10  -2.09
  0.97  -2.13  -2.11
  0.97  -2.15  -2.14
  0.97  -2.18  -2.17
  0.98  -2.21  -2.20
  0.98  -2.24  -2.22
  0.99  -2.27  -2.25
  0.99  -2.30  -2.28
  0.99  -2.33  -2.31
  1.00  -2.36  -2.34
